-19.34074401855469 118.88614654541016
-19.296798706054698 118.84220123291016
-19.25285339355469 118.79825592041016
-19.25285339355469 118.71036529541017
-19.25285339355469 118.6223030090332
-19.20890808105469 118.5783576965332
-19.164962768554684 118.53441238403319
-19.164962768554684 118.44652175903322
-19.12101745605468 118.40257644653322
-19.077072143554688 118.35863113403322
-19.077072143554688 118.27056884765625
-19.033126831054695 118.22662353515624
-18.989009857177734 118.18267822265624
-18.989009857177734 118.09478759765625
-18.944892883300767 118.05084228515625
-18.900947570800778 118.00689697265625
-18.900947570800778 117.9188346862793
-18.900947570800778 117.83094406127931
-18.857002258300785 117.7869987487793
-18.81305694580078 117.7430534362793
-18.81305694580078 117.6551628112793
-18.769111633300774 117.61113166809082
-18.72516632080078 117.56710052490234
-18.72516632080078 117.47920989990236
-18.681221008300792 117.43526458740234
-18.637275695800785 117.39131927490233
-18.637275695800785 117.30342864990236
-18.637275695800785 117.2153663635254
-18.593330383300785 117.1714210510254
-18.549385070800778 117.12747573852539
-18.549385070800778 117.03958511352538
-18.505439758300774 116.99563980102538
-18.46149444580078 116.95169448852539
-18.46149444580078 116.86363220214844
-18.46149444580078 116.77574157714844
-18.41754913330079 116.73179626464845
-18.373603820800785 116.68785095214845
-18.373603820800785 116.59996032714844
-18.32965850830078 116.55592918395996
-18.285713195800778 116.51189804077148
-18.285713195800778 116.42400741577148
-18.285713195800778 116.3361167907715
-18.24176788330077 116.29217147827148
-18.197822570800778 116.24822616577148
-18.197822570800778 116.16016387939452
-18.197822570800778 116.07227325439455
-18.15387725830079 116.02832794189455
-18.10993194580078 115.98438262939455
-18.10993194580078 115.89649200439452
-18.10993194580078 115.80842971801756
-18.065986633300778 115.76448440551756
-18.02204132080077 115.72053909301758
-18.02204132080077 115.63264846801758
-18.02204132080077 115.54475784301759
-17.97809600830077 115.50072669982912
-17.934150695800778 115.45669555664064
-17.934150695800778 115.36880493164062
-17.934150695800778 115.28091430664062
-17.890205383300785 115.2369689941406
-17.84626007080078 115.19302368164064
-17.84626007080078 115.10496139526369
-17.84626007080078 115.01707077026366
-17.802314758300774 114.97312545776369
-17.758369445800785 114.92918014526369
-17.758369445800785 114.84128952026369
-17.758369445800785 114.75322723388672
-17.758369445800785 114.6653366088867
-17.714424133300792 114.6213912963867
-17.67047882080079 114.5774459838867
-17.67047882080079 114.48955535888672
-17.67047882080079 114.40149307250977
-17.62653350830078 114.35754776000975
-17.58241653442383 114.31360244750977
-17.58241653442383 114.22571182250977
-17.58241653442383 114.13782119750977
-17.58241653442383 114.04975891113281
-17.538299560546882 114.00581359863283
-17.494354248046875 113.96186828613283
-17.494354248046875 113.8739776611328
-17.494354248046875 113.78608703613283
-17.494354248046875 113.69802474975585
-17.45040893554687 113.65407943725587
-17.40646362304688 113.61013412475586
-17.40646362304688 113.52224349975586
-17.40646362304688 113.43435287475586
-17.40646362304688 113.3462905883789
-17.40646362304688 113.2583999633789
-17.362518310546886 113.2144546508789
-17.318572998046882 113.1705093383789
-17.318572998046882 113.0826187133789
-17.318572998046882 112.99455642700195
-17.318572998046882 112.90666580200195
-17.27462768554688 112.86272048950195
-17.230682373046875 112.81877517700195
-17.230682373046875 112.73088455200194
-17.230682373046875 112.64282226562499
-17.230682373046875 112.55493164062501
-17.230682373046875 112.467041015625
-17.186737060546868 112.423095703125
-17.14279174804688 112.37915039062499
-17.14279174804688 112.29108810424805
-17.14279174804688 112.20319747924805
-17.14279174804688 112.11530685424805
-17.14279174804688 112.02741622924805
-17.098846435546886 111.98338508605957
-17.054901123046882 111.9393539428711
-17.054901123046882 111.8514633178711
-17.054901123046882 111.76357269287111
-17.054901123046882 111.6756820678711
-17.054901123046882 111.58761978149414
-17.010955810546875 111.54367446899415
-16.96701049804687 111.49972915649413
-16.96701049804687 111.41183853149415
-16.96701049804687 111.32394790649415
-16.96701049804687 111.23588562011719
-16.96701049804687 111.14799499511719
-16.96701049804687 111.06010437011719
-16.923065185546868 111.01615905761719
-16.879119873046875 110.97221374511719
-16.879119873046875 110.88415145874023
-16.879119873046875 110.79626083374023
-16.879119873046875 110.70837020874023
-16.879119873046875 110.62047958374023
-16.879119873046875 110.5324172973633
-16.879119873046875 110.44452667236328
-16.835174560546882 110.4005813598633
-16.79122924804688 110.35663604736327
-16.79122924804688 110.2687454223633
-16.79122924804688 110.18068313598634
-16.79122924804688 110.09279251098633
-16.79122924804688 110.00490188598631
-16.79122924804688 109.91701126098633
-16.79122924804688 109.82894897460938
-16.747283935546875 109.78500366210938
-16.703338623046868 109.74105834960938
-16.703338623046868 109.65316772460938
-16.703338623046868 109.56527709960938
-16.703338623046868 109.47721481323242
-16.703338623046868 109.38932418823244
-16.703338623046868 109.30143356323242
-16.703338623046868 109.21354293823241
-16.703338623046868 109.12548065185545
-16.659393310546864 109.08153533935545
-16.61544799804687 109.03759002685548
-16.61544799804687 108.94969940185547
-16.61544799804687 108.86180877685545
-16.61544799804687 108.77374649047852
-16.61544799804687 108.68585586547852
-16.61544799804687 108.59796524047852
-16.61544799804687 108.51007461547852
-16.61544799804687 108.42201232910156
-16.57150268554688 108.37806701660158
-16.527557373046875 108.33412170410156
-16.527557373046875 108.24623107910156
-16.527557373046875 108.15834045410156
-16.527557373046875 108.0702781677246
-16.527557373046875 107.9823875427246
-16.527557373046875 107.89449691772462
-16.527557373046875 107.8066062927246
-16.527557373046875 107.71854400634766
-16.527557373046875 107.63065338134764
-16.527557373046875 107.54276275634766
-16.48361206054687 107.49881744384766
-16.43966674804688 107.45487213134766
-16.43966674804688 107.3668098449707
-16.43966674804688 107.2789192199707
-16.43966674804688 107.1910285949707
-16.43966674804688 107.1031379699707
-16.43966674804688 107.01507568359375
-16.43966674804688 106.92718505859375
-16.43966674804688 106.83929443359374
-16.43966674804688 106.75140380859376
-16.43966674804688 106.66334152221681
-16.395721435546886 106.6193962097168
-16.351776123046882 106.5754508972168
-16.351776123046882 106.4875602722168
-16.351776123046882 106.3996696472168
-16.351776123046882 106.31160736083984
-16.351776123046882 106.22371673583984
-16.351776123046882 106.13582611083984
-16.351776123046882 106.04793548583984
-16.351776123046882 105.95987319946289
-16.351776123046882 105.87198257446289
-16.351776123046882 105.78409194946289
-16.351776123046882 105.6962013244629
-16.30783081054688 105.65217018127443
-16.26388549804687 105.60813903808595
-16.26388549804687 105.52024841308595
-16.26388549804687 105.43235778808592
-16.26388549804687 105.34446716308594
-16.26388549804687 105.25640487670898
-16.26388549804687 105.16851425170898
-16.26388549804687 105.08062362670898
-16.26388549804687 104.99273300170898
-16.26388549804687 104.90467071533203
-16.26388549804687 104.81678009033203
-16.26388549804687 104.72888946533203
-16.21994018554687 104.68494415283203
-16.17582321166992 104.64099884033203
-16.17582321166992 104.55293655395506
-16.17582321166992 104.46504592895509
-16.17582321166992 104.37715530395509
-16.17582321166992 104.28926467895506
-16.17582321166992 104.20120239257812
-16.17582321166992 104.11331176757812
-16.17582321166992 104.02542114257812
-16.17582321166992 103.93753051757812
-16.17582321166992 103.84946823120117
-16.131706237792965 103.80552291870117
-16.08776092529296 103.76157760620117
-16.08776092529296 103.67368698120117
-16.08776092529296 103.58579635620117
-16.08776092529296 103.49773406982422
-16.08776092529296 103.40984344482422
-16.08776092529296 103.32195281982423
-16.08776092529296 103.2340621948242
-16.08776092529296 103.14599990844727
-16.08776092529296 103.05810928344725
-16.043815612792958 103.01416397094727
-15.999870300292965 102.97021865844727
-15.999870300292965 102.88232803344727
-15.999870300292965 102.79426574707031
-15.999870300292965 102.70637512207031
-15.999870300292965 102.61848449707031
-15.999870300292965 102.53059387207031
-15.999870300292965 102.44253158569336
-15.955924987792972 102.39858627319336
-15.911979675292969 102.35464096069336
-15.911979675292969 102.26675033569336
-15.911979675292969 102.17885971069337
-15.911979675292969 102.09079742431642
-15.911979675292969 102.00290679931642
-15.911979675292969 101.91501617431639
-15.911979675292969 101.8271255493164
-15.868034362792965 101.78309440612793
-15.824089050292974 101.73906326293945
-15.824089050292974 101.65117263793945
-15.824089050292974 101.56328201293945
-15.824089050292974 101.47539138793945
-15.824089050292974 101.3873291015625
-15.78014373779298 101.3433837890625
-15.736198425292976 101.2994384765625
-15.736198425292976 101.2115478515625
-15.736198425292976 101.1236572265625
-15.736198425292976 101.03559494018553
-15.736198425292976 100.94770431518556
-15.69225311279297 100.90375900268553
-15.648307800292967 100.85981369018553
-15.648307800292967 100.77192306518555
-15.648307800292967 100.68386077880858
-15.648307800292967 100.5959701538086
-15.604362487792963 100.5520248413086
-15.560417175292969 100.5080795288086
-15.560417175292969 100.4201889038086
-15.560417175292969 100.33212661743164
-15.560417175292969 100.24423599243164
-15.516471862792978 100.20029067993164
-15.472526550292974 100.15634536743164
-15.472526550292974 100.06845474243164
-15.472526550292974 99.98039245605469
-15.42858123779297 99.93644714355469
-15.384635925292965 99.89250183105467
-15.384635925292965 99.8046112060547
-15.384635925292965 99.71672058105467
-15.384635925292965 99.62865829467773
-15.34069061279296 99.58471298217773
-15.296745300292967 99.54076766967773
-15.296745300292967 99.45287704467773
-15.252799987792976 99.40893173217773
-15.20885467529297 99.36498641967773
-15.20885467529297 99.27692413330078
-15.20885467529297 99.18903350830078
-15.164909362792965 99.14508819580078
-15.120964050292963 99.10114288330078
-15.120964050292963 99.01325225830078
-15.120964050292963 98.92518997192383
-15.077018737792958 98.88124465942384
-15.033073425292965 98.83729934692383
-15.033073425292965 98.74940872192384
-14.989128112792974 98.70546340942381
-14.945182800292969 98.66151809692381
-14.945182800292969 98.57345581054689
-14.901237487792963 98.52951049804689
-14.857292175292972 98.48556518554686
-14.857292175292972 98.39767456054688
-14.813346862792981 98.35372924804688
-14.769229888916017 98.30978393554688
-14.725112915039052 98.2657527923584
-14.68116760253906 98.22172164916992
-14.68116760253906 98.13383102416992
-14.63722229003907 98.08988571166994
-14.593276977539064 98.04594039916992
-14.549331665039059 98.00199508666992
-14.505386352539055 97.95804977416992
-14.505386352539055 97.86998748779297
-14.46144104003905 97.82604217529297
-14.417495727539059 97.78209686279297
-14.373550415039068 97.73815155029298
-14.329605102539062 97.69420623779297
-14.285659790039057 97.65026092529297
-14.241714477539066 97.60631561279298
-14.241714477539066 97.51825332641603
-14.197769165039073 97.47430801391603
-14.15382385253907 97.43036270141603
-14.109878540039066 97.38641738891603
-14.06593322753906 97.342472076416
-14.021987915039055 97.298526763916
-13.934097290039071 97.298526763916
-13.890151977539068 97.25458145141602
-13.846206665039062 97.21055030822754
-13.802261352539057 97.16651916503906
-13.758316040039054 97.12257385253906
-13.714370727539062 97.07862854003906
-13.670425415039068 97.03468322753906
-13.58253479003906 97.03468322753906
-13.538589477539055 96.99073791503906
-13.494644165039052 96.94679260253906
-13.450698852539059 96.90284729003906
-13.406753540039066 96.85881614685059
-13.318519592285165 96.85881614685059
-13.27457427978516 96.81478500366211
-13.230628967285154 96.77083969116211
-13.142738342285147 96.77083969116211
-13.098793029785154 96.72689437866211
-13.054847717285162 96.68294906616211
-12.966957092285153 96.68294906616211
-12.879066467285146 96.68294906616211
-12.835121154785151 96.63900375366211
-12.79117584228516 96.59505844116212
-12.703285217285151 96.59505844116212
-12.615394592285169 96.59505844116212
-12.571449279785163 96.55111312866211
-12.527503967285158 96.50708198547363
-12.439613342285147 96.50708198547363
-12.351722717285165 96.50708198547363
-12.263832092285156 96.50708198547363
-12.175941467285146 96.50708198547363
-12.131996154785154 96.46305084228516
-12.088050842285163 96.41910552978516
-12.000160217285154 96.41910552978516
-11.911926269531252 96.41910552978516
-11.824035644531241 96.41910552978516
-11.736145019531257 96.41910552978516
-11.64825439453125 96.41910552978516
-11.56036376953124 96.41910552978516
-11.472473144531255 96.41910552978516
-11.384582519531248 96.41910552978516
-11.296691894531238 96.41910552978516
-11.208801269531254 96.41910552978516
-11.120910644531245 96.41910552978516
-11.03302001953126 96.41910552978516
-10.94512939453125 96.41910552978516
-10.857238769531243 96.41910552978516
-10.769348144531259 96.41910552978516
-10.681457519531248 96.41910552978516
-10.637512207031245 96.46305084228516
-10.593566894531241 96.50708198547363
-10.505332946777337 96.50708198547363
-10.417442321777354 96.50708198547363
-10.329551696777344 96.50708198547363
-10.241661071777335 96.50708198547363
-10.153770446777353 96.50708198547363
-10.065879821777342 96.50708198547363
-10.021934509277338 96.55111312866211
-9.977989196777333 96.59505844116212
-9.890098571777349 96.59505844116212
-9.80220794677734 96.59505844116212
-9.714317321777356 96.59505844116212
-9.626426696777346 96.59505844116212
-9.582481384277342 96.63900375366211
-9.538536071777338 96.68294906616211
-9.450645446777354 96.68294906616211
-9.362754821777346 96.68294906616211
-9.274864196777335 96.68294906616211
-9.230918884277344 96.72689437866211
-9.18697357177735 96.77083969116211
-9.09873962402345 96.77083969116211
-9.01084899902344 96.77083969116211
-8.922958374023432 96.77083969116211
-8.87901306152344 96.81478500366211
-8.835067749023446 96.85881614685059
-8.747177124023438 96.85881614685059
-8.659286499023429 96.85881614685059
-8.615341186523438 96.90284729003906
-8.571395874023445 96.94679260253906
-8.483505249023436 96.94679260253906
-8.395614624023425 96.94679260253906
-8.307723999023443 96.94679260253906
-8.263778686523438 96.99073791503906
-8.219833374023434 97.03468322753906
-8.131942749023448 97.03468322753906
-8.044052124023441 97.03468322753906
-8.000106811523436 97.07862854003906
-7.95616149902343 97.12257385253906
-7.868270874023447 97.12257385253906
-7.780380249023438 97.12257385253906
-7.736263275146487 97.16651916503906
-7.692146301269536 97.21055030822754
-7.604255676269527 97.21055030822754
-7.516365051269542 97.21055030822754
-7.472419738769538 97.25458145141602
-7.428474426269534 97.298526763916
-7.340583801269523 97.298526763916
-7.25269317626954 97.298526763916
-7.208747863769535 97.342472076416
-7.164802551269531 97.38641738891603
-7.076911926269522 97.38641738891603
-6.989021301269538 97.38641738891603
-6.945075988769534 97.43036270141603
-6.901130676269529 97.47430801391603
-6.813240051269521 97.47430801391603
-6.769294738769528 97.51825332641603
-6.725349426269536 97.5622844696045
-6.637458801269527 97.5622844696045
-6.549568176269544 97.5622844696045
-6.505622863769538 97.60631561279298
-6.461677551269533 97.65026092529297
-6.373786926269525 97.65026092529297
-6.2855529785156214 97.65026092529297
-6.241607666015618 97.69420623779297
-6.1976623535156135 97.73815155029298
-6.109771728515629 97.73815155029298
-6.02188110351562 97.73815155029298
-5.9779357910156286 97.78209686279297
-5.9339904785156365 97.82604217529297
-5.846099853515626 97.82604217529297
-5.802154541015622 97.86998748779297
-5.758209228515618 97.91401863098145
-5.670318603515634 97.91401863098145
-5.582427978515624 97.91401863098145
-5.53848266601562 97.95804977416992
-5.494537353515615 98.00199508666992
-5.406646728515631 98.00199508666992
-5.318756103515622 98.00199508666992
-5.274810791015618 98.04594039916992
-5.230865478515613 98.08988571166994
-5.142974853515629 98.08988571166994
-5.099029541015624 98.13383102416992
-5.05508422851562 98.17777633666992
-4.9671936035156365 98.17777633666992
-4.878959655761708 98.17777633666992
-4.835014343261717 98.22172164916992
-4.791069030761725 98.2657527923584
-4.703178405761715 98.2657527923584
-4.659233093261711 98.30978393554688
-4.615287780761706 98.35372924804688
-4.527397155761722 98.35372924804688
-4.439506530761713 98.35372924804688
-4.395561218261721 98.39767456054688
-4.351615905761729 98.44161987304686
-4.2637252807617205 98.44161987304686
-4.219779968261715 98.48556518554686
-4.175834655761711 98.52951049804689
-4.087944030761727 98.52951049804689
-4.000053405761718 98.52951049804689
-3.956108093261713 98.57345581054689
-3.9121627807617085 98.61748695373537
-3.824272155761725 98.61748695373537
-3.7363815307617156 98.61748695373537
-3.6924362182617108 98.66151809692381
-3.6484909057617063 98.70546340942381
-3.5606002807617223 98.70546340942381
-3.5164833068847714 98.74940872192384
-3.4723663330078205 98.79335403442383
-3.384475708007811 98.79335403442383
-3.296585083007802 98.79335403442383
-3.2526397705078103 98.83729934692383
-3.208694458007818 98.88124465942384
-3.120803833007809 98.88124465942384
-3.032913208007825 98.88124465942384
-2.9889678955078205 98.92518997192383
-2.9450225830078156 98.9692211151123
-2.8571319580078063 98.9692211151123
-2.8131866455078147 99.01325225830078
-2.7692413330078227 99.05719757080078
-2.6813507080078134 99.05719757080078
-2.593460083007804 99.05719757080078
-2.549514770507812 99.10114288330078
-2.5055694580078205 99.14508819580078
-2.417678833007811 99.14508819580078
-2.329788208007802 99.14508819580078
-2.28584289550781 99.18903350830078
-2.2418975830078183 99.23297882080078
-2.154006958007809 99.23297882080078
-2.1098899841308576 99.27692413330078
-2.0657730102539067 99.32095527648926
-1.9778823852538974 99.32095527648926
-1.8899917602539136 99.32095527648926
-1.846046447753909 99.36498641967773
-1.8021011352539043 99.40893173217773
-1.7142105102538951 99.40893173217773
-1.6263198852539114 99.40893173217773
-1.5823745727539067 99.45287704467773
-1.538429260253902 99.49682235717773
-1.4505386352539182 99.49682235717773
-1.4065933227539136 99.54076766967773
-1.362648010253909 99.58471298217773
-1.2747573852538998 99.58471298217773
-1.186866760253916 99.58471298217773
-1.1429214477539114 99.62865829467773
-1.0989761352539067 99.6726894378662
-1.0110855102538976 99.6726894378662
-0.9231948852539137 99.6726894378662
-0.879249572753909 99.71672058105467
-0.8353042602539045 99.7606658935547
-0.7474136352538953 99.7606658935547
-0.659179687499993 99.7606658935547
-0.6152343750000011 99.8046112060547
-0.5712890625000092 99.8485565185547
-0.48339843749999994 99.8485565185547
-0.39550781249999073 99.8485565185547
-0.35156249999999883 99.89250183105467
-0.3076171875000069 99.93644714355469
-0.21972656249999767 99.93644714355469
-0.17578124999999303 99.98039245605469
-0.13183593749998843 100.02442359924316
-0.04394531250000462 100.02442359924316
0.04394531250000462 100.02442359924316
0.08789062499999652 100.06845474243164
0.13183593749998843 100.11240005493164
0.21972656249999767 100.11240005493164
0.3076171875000069 100.11240005493164
0.35156249999999883 100.15634536743164
0.39550781249999073 100.20029067993164
0.48339843749999994 100.20029067993164
0.5712890625000092 100.20029067993164
0.6152343750000011 100.24423599243164
0.659179687499993 100.28818130493164
0.7474136352538953 100.28818130493164
0.8353042602539045 100.28818130493164
0.879249572753909 100.33212661743164
0.9231948852539137 100.37615776062012
1.0110855102538976 100.37615776062012
1.0989761352539067 100.37615776062012
1.1429214477539114 100.4201889038086
1.186866760253916 100.4641342163086
1.2747573852538998 100.4641342163086
1.362648010253909 100.4641342163086
1.4065933227539136 100.5080795288086
1.4505386352539182 100.5520248413086
1.538429260253902 100.5520248413086
1.6263198852539114 100.5520248413086
1.6702651977539031 100.5959701538086
1.7142105102538951 100.6399154663086
1.8021011352539043 100.6399154663086
1.8899917602539136 100.6399154663086
1.9339370727539056 100.68386077880858
1.9778823852538974 100.72789192199706
2.0657730102539067 100.72789192199706
2.154006958007809 100.72789192199706
2.1979522705078134 100.77192306518555
2.2418975830078183 100.81586837768553
2.329788208007802 100.81586837768553
2.417678833007811 100.81586837768553
2.4616241455078156 100.85981369018553
2.5055694580078205 100.90375900268553
2.593460083007804 100.90375900268553
2.6813507080078134 100.90375900268553
2.725296020507818 100.94770431518556
2.7692413330078227 100.99164962768556
2.8571319580078063 100.99164962768556
2.9450225830078156 100.99164962768556
3.032913208007825 100.99164962768556
3.0768585205078165 101.03559494018553
3.120803833007809 101.07962608337402
3.208694458007818 101.07962608337402
3.296585083007802 101.07962608337402
3.3405303955078063 101.1236572265625
3.384475708007811 101.1676025390625
3.4723663330078205 101.1676025390625
3.5606002807617223 101.1676025390625
3.6045455932617143 101.2115478515625
3.6484909057617063 101.2554931640625
3.7363815307617156 101.2554931640625
3.824272155761725 101.2554931640625
3.868217468261717 101.2994384765625
3.9121627807617085 101.3433837890625
4.000053405761718 101.3433837890625
4.087944030761727 101.3433837890625
4.175834655761711 101.3433837890625
4.219779968261715 101.3873291015625
4.2637252807617205 101.43136024475098
4.351615905761729 101.43136024475098
4.439506530761713 101.43136024475098
4.483451843261718 101.47539138793945
4.527397155761722 101.51933670043945
4.615287780761706 101.51933670043945
4.703178405761715 101.51933670043945
4.791069030761725 101.51933670043945
4.835014343261717 101.56328201293945
4.878959655761708 101.60722732543945
4.9671936035156365 101.60722732543945
5.05508422851562 101.60722732543945
5.099029541015624 101.65117263793945
5.142974853515629 101.69511795043944
5.230865478515613 101.69511795043944
5.318756103515622 101.69511795043944
5.406646728515631 101.69511795043944
5.450592041015623 101.73906326293945
5.494537353515615 101.78309440612793
5.582427978515624 101.78309440612793
5.670318603515634 101.78309440612793
5.714263916015625 101.8271255493164
5.758209228515618 101.8710708618164
5.846099853515626 101.8710708618164
5.9339904785156365 101.8710708618164
6.02188110351562 101.8710708618164
6.065826416015625 101.91501617431639
6.109771728515629 101.9589614868164
6.1976623535156135 101.9589614868164
6.2855529785156214 101.9589614868164
6.329669952392573 102.00290679931642
6.373786926269525 102.04685211181639
6.461677551269533 102.04685211181639
6.549568176269544 102.04685211181639
6.637458801269527 102.04685211181639
6.681404113769532 102.09079742431642
6.725349426269536 102.1348285675049
6.813240051269521 102.1348285675049
6.901130676269529 102.1348285675049
6.989021301269538 102.1348285675049
7.03296661376953 102.17885971069337
7.076911926269522 102.22280502319337
7.164802551269531 102.22280502319337
7.25269317626954 102.22280502319337
7.296638488769532 102.26675033569336
7.340583801269523 102.31069564819336
7.428474426269534 102.31069564819336
7.516365051269542 102.31069564819336
7.604255676269527 102.31069564819336
7.64820098876953 102.35464096069336
7.692146301269536 102.39858627319336
7.780380249023438 102.39858627319336
7.868270874023447 102.39858627319336
7.95616149902343 102.39858627319336
8.000106811523436 102.44253158569336
8.044052124023441 102.48656272888184
8.131942749023448 102.48656272888184
8.219833374023434 102.48656272888184
8.307723999023443 102.48656272888184
8.351669311523434 102.53059387207031
8.395614624023425 102.57453918457031
8.483505249023436 102.57453918457031
8.571395874023445 102.57453918457031
8.659286499023429 102.57453918457031
8.703231811523432 102.61848449707031
8.747177124023438 102.66242980957031
8.835067749023446 102.66242980957031
8.922958374023432 102.66242980957031
9.01084899902344 102.66242980957031
9.054794311523445 102.70637512207031
9.09873962402345 102.75032043457031
9.18697357177735 102.75032043457031
9.274864196777335 102.75032043457031
9.362754821777346 102.75032043457031
9.406700134277349 102.79426574707031
9.450645446777354 102.83829689025879
9.538536071777338 102.83829689025879
9.626426696777346 102.83829689025879
9.714317321777356 102.83829689025879
9.758262634277349 102.88232803344727
9.80220794677734 102.92627334594725
9.890098571777349 102.92627334594725
9.977989196777333 102.92627334594725
10.065879821777342 102.92627334594725
10.109825134277347 102.97021865844727
10.153770446777353 103.01416397094727
10.241661071777335 103.01416397094727
10.329551696777344 103.01416397094727
10.417442321777354 103.01416397094727
10.461387634277346 103.05810928344725
10.505332946777337 103.10205459594727
10.593566894531241 103.10205459594727
10.681457519531248 103.10205459594727
10.769348144531259 103.10205459594727
10.81329345703125 103.14599990844727
10.857238769531243 103.19003105163573
10.94512939453125 103.19003105163573
11.03302001953126 103.19003105163573
11.120910644531245 103.19003105163573
11.164855957031248 103.2340621948242
11.208801269531254 103.2780075073242
11.296691894531238 103.2780075073242
11.384582519531248 103.2780075073242
11.472473144531255 103.2780075073242
11.516418457031248 103.32195281982423
11.56036376953124 103.36589813232423
11.64825439453125 103.36589813232423
11.736145019531257 103.36589813232423
11.824035644531241 103.36589813232423
11.867980957031246 103.40984344482422
11.911926269531252 103.45378875732422
12.000160217285154 103.45378875732422
12.088050842285163 103.45378875732422
12.175941467285146 103.45378875732422
12.263832092285156 103.45378875732422
12.30777740478516 103.49773406982422
12.351722717285165 103.5417652130127
12.439613342285147 103.5417652130127
12.527503967285158 103.5417652130127
12.615394592285169 103.5417652130127
12.65933990478516 103.58579635620117
12.703285217285151 103.62974166870117
12.79117584228516 103.62974166870117
12.879066467285146 103.62974166870117
12.966957092285153 103.62974166870117
13.010902404785158 103.67368698120117
13.054847717285162 103.71763229370117
13.142738342285147 103.71763229370117
13.230628967285154 103.71763229370117
13.318519592285165 103.71763229370117
13.406753540039066 103.71763229370117
13.450698852539059 103.76157760620117
13.494644165039052 103.80552291870117
13.58253479003906 103.80552291870117
13.670425415039068 103.80552291870117
13.758316040039054 103.80552291870117
13.802261352539057 103.84946823120117
13.846206665039062 103.89349937438965
13.934097290039071 103.89349937438965
14.021987915039055 103.89349937438965
14.109878540039066 103.89349937438965
14.15382385253907 103.93753051757812
14.197769165039073 103.98147583007812
14.285659790039057 103.98147583007812
14.373550415039068 103.98147583007812
14.46144104003905 103.98147583007812
14.549331665039059 103.98147583007812
14.593276977539064 104.02542114257812
14.63722229003907 104.06936645507811
14.725112915039052 104.06936645507811
14.813346862792981 104.06936645507811
14.901237487792963 104.06936645507811
14.945182800292969 104.11331176757812
14.989128112792974 104.15725708007812
15.077018737792958 104.15725708007812
15.164909362792965 104.15725708007812
15.252799987792976 104.15725708007812
15.296745300292967 104.20120239257812
15.34069061279296 104.2452335357666
15.42858123779297 104.2452335357666
15.516471862792978 104.2452335357666
15.604362487792963 104.2452335357666
15.69225311279297 104.2452335357666
15.736198425292976 104.28926467895506
15.78014373779298 104.33320999145509
15.868034362792965 104.33320999145509
15.955924987792972 104.33320999145509
16.043815612792958 104.33320999145509
16.08776092529296 104.37715530395509
16.131706237792965 104.42110061645506
16.21994018554687 104.42110061645506
16.30783081054688 104.42110061645506
16.395721435546886 104.42110061645506
16.48361206054687 104.42110061645506
16.527557373046875 104.46504592895509
16.57150268554688 104.50899124145509
16.659393310546864 104.50899124145509
16.747283935546875 104.50899124145509
16.835174560546882 104.50899124145509
16.879119873046875 104.55293655395506
16.923065185546868 104.59696769714355
17.010955810546875 104.59696769714355
17.098846435546886 104.59696769714355
17.186737060546868 104.59696769714355
17.230682373046875 104.64099884033203
17.27462768554688 104.68494415283203
17.362518310546886 104.68494415283203
17.45040893554687 104.68494415283203
17.538299560546882 104.68494415283203
17.62653350830078 104.68494415283203
17.67047882080079 104.72888946533203
17.714424133300792 104.77283477783203
17.802314758300774 104.77283477783203
17.890205383300785 104.77283477783203
17.97809600830077 104.77283477783203
18.02204132080077 104.81678009033203
18.065986633300778 104.86072540283203
18.15387725830079 104.86072540283203
18.24176788330077 104.86072540283203
18.32965850830078 104.86072540283203
18.41754913330079 104.86072540283203
18.46149444580078 104.90467071533203
18.505439758300774 104.94870185852051
18.593330383300785 104.94870185852051
18.681221008300792 104.94870185852051
18.769111633300774 104.94870185852051
18.81305694580078 104.99273300170898
18.857002258300785 105.03667831420898
18.944892883300767 105.03667831420898
19.033126831054695 105.03667831420898
19.12101745605468 105.03667831420898
19.20890808105469 105.03667831420898
19.25285339355469 105.08062362670898
19.296798706054698 105.12456893920898
19.38468933105468 105.12456893920898
19.47257995605469 105.12456893920898
19.560470581054673 105.12456893920898
19.60441589355468 105.16851425170898
19.648361206054684 105.21245956420897
19.736251831054695 105.21245956420897
19.82414245605468 105.21245956420897
19.912033081054688 105.21245956420897
19.999923706054695 105.21245956420897
20.043869018554688 105.25640487670898
20.08781433105468 105.30043601989746
20.175704956054688 105.30043601989746
20.263595581054698 105.30043601989746
20.351486206054684 105.30043601989746
20.39560317993163 105.34446716308594
20.439720153808587 105.38841247558594
20.52761077880859 105.38841247558594
20.6155014038086 105.38841247558594
20.703392028808587 105.38841247558594
20.791282653808594 105.38841247558594
20.8352279663086 105.43235778808592
20.879173278808604 105.47630310058594
20.96706390380859 105.47630310058594
21.0549545288086 105.47630310058594
21.142845153808583 105.47630310058594
21.186790466308587 105.52024841308595
21.230735778808594 105.56419372558592
21.318626403808597 105.56419372558592
21.406517028808587 105.56419372558592
21.494407653808594 105.56419372558592
21.538352966308597 105.60813903808595
21.582298278808604 105.65217018127443
21.670188903808587 105.65217018127443
21.758079528808597 105.65217018127443
21.8463134765625 105.65217018127443
21.934204101562507 105.65217018127443
21.978149414062496 105.6962013244629
22.022094726562493 105.7401466369629
22.1099853515625 105.7401466369629
22.19787597656251 105.7401466369629
22.285766601562493 105.7401466369629
22.329711914062496 105.78409194946289
22.373657226562504 105.82803726196289
22.461547851562514 105.82803726196289
22.549438476562496 105.82803726196289
22.637329101562504 105.82803726196289
22.6812744140625 105.87198257446289
22.72521972656249 105.91592788696289
22.813110351562496 105.91592788696289
22.901000976562507 105.91592788696289
22.98889160156249 105.91592788696289
23.0767822265625 105.91592788696289
23.120727539062507 105.95987319946289
23.16467285156251 106.00390434265138
23.25290679931641 106.00390434265138
23.340797424316396 106.00390434265138
23.428688049316403 106.00390434265138
23.47263336181641 106.04793548583984
23.516578674316413 106.09188079833984
23.604469299316396 106.09188079833984
23.692359924316406 106.09188079833984
23.780250549316417 106.09188079833984
23.82419586181641 106.13582611083984
23.8681411743164 106.17977142333984
23.95603179931641 106.17977142333984
24.043922424316417 106.17977142333984
24.131813049316406 106.17977142333984
24.21970367431641 106.17977142333984
24.263648986816403 106.22371673583984
24.307594299316392 106.26766204833984
24.395484924316403 106.26766204833984
24.483375549316413 106.26766204833984
24.5712661743164 106.26766204833984
24.61538314819335 106.31160736083984
24.659500122070302 106.35563850402832
24.747390747070312 106.35563850402832
24.835281372070316 106.35563850402832
24.923171997070302 106.35563850402832
24.967117309570305 106.3996696472168
25.011062622070312 106.44361495971678
25.09895324707032 106.44361495971678
25.186843872070305 106.44361495971678
25.274734497070316 106.44361495971678
25.31867980957032 106.4875602722168
25.36262512207032 106.5315055847168
25.45051574707031 106.5315055847168
25.538406372070316 106.5315055847168
25.6262969970703 106.5315055847168
25.670242309570302 106.5754508972168
25.71418762207031 106.6193962097168
25.80207824707032 106.6193962097168
25.889968872070302 106.6193962097168
25.977859497070312 106.6193962097168
26.021976470947262 106.66334152221681
26.066093444824215 106.70737266540529
26.153984069824222 106.70737266540529
26.241874694824205 106.70737266540529
26.329765319824215 106.70737266540529
26.37371063232422 106.75140380859376
26.417655944824226 106.79534912109374
26.505546569824208 106.79534912109374
26.59343719482422 106.79534912109374
26.68132781982423 106.79534912109374
26.725273132324222 106.83929443359374
26.76921844482421 106.88323974609376
26.857109069824222 106.88323974609376
26.94499969482423 106.88323974609376
27.03289031982421 106.88323974609376
27.076835632324215 106.92718505859375
27.120780944824222 106.97113037109375
27.208671569824205 106.97113037109375
27.296562194824215 106.97113037109375
27.384452819824226 106.97113037109375
27.428569793701175 107.01507568359375
27.47268676757813 107.05910682678223
27.560577392578136 107.05910682678223
27.648468017578118 107.05910682678223
27.73635864257813 107.05910682678223
27.78030395507812 107.1031379699707
27.82424926757811 107.1470832824707
27.91213989257812 107.1470832824707
28.000030517578132 107.1470832824707
28.087921142578114 107.1470832824707
28.13186645507812 107.1910285949707
28.175811767578125 107.23497390747072
28.263702392578132 107.23497390747072
28.351593017578114 107.23497390747072
28.439483642578125 107.23497390747072
28.483428955078132 107.2789192199707
28.527374267578136 107.3228645324707
28.615264892578118 107.3228645324707
28.70315551757813 107.3228645324707
28.74710083007812 107.3668098449707
28.791046142578114 107.41084098815918
28.87928009033204 107.41084098815918
28.96717071533202 107.41084098815918
29.05506134033203 107.41084098815918
29.09900665283204 107.45487213134766
29.142951965332042 107.49881744384766
29.230842590332028 107.49881744384766
29.31873321533204 107.49881744384766
29.40662384033202 107.49881744384766
29.450569152832024 107.54276275634766
29.49451446533203 107.58670806884764
29.582405090332042 107.58670806884764
29.670295715332024 107.58670806884764
29.714241027832024 107.63065338134764
29.75818634033203 107.67459869384766
29.846076965332042 107.67459869384766
29.933967590332024 107.67459869384766
29.977912902832028 107.71854400634766
30.021858215332035 107.76257514953613
30.109748840332045 107.76257514953613
30.197639465332028 107.76257514953613
30.28587341308593 107.76257514953613
30.32981872558593 107.8066062927246
30.373764038085938 107.8505516052246
30.461654663085948 107.8505516052246
30.54954528808593 107.8505516052246
30.593490600585934 107.89449691772462
30.63743591308594 107.9384422302246
30.72532653808595 107.9384422302246
30.76927185058594 107.9823875427246
30.813217163085934 108.02633285522462
30.901107788085945 108.02633285522462
30.988998413085927 108.02633285522462
31.032943725585934 108.0702781677246
31.076889038085934 108.11430931091309
31.164779663085945 108.11430931091309
31.208724975585934 108.15834045410156
31.252670288085927 108.20228576660156
31.296615600585934 108.24623107910156
31.340560913085938 108.29017639160156
31.38450622558594 108.33412170410156
31.38450622558594 108.42201232910156
31.340560913085938 108.46604347229004
31.296615600585934 108.51007461547852
31.252670288085927 108.55401992797852
31.164779663085945 108.55401992797852
31.120834350585938 108.59796524047852
31.076889038085934 108.64191055297852
30.988998413085927 108.64191055297852
30.901107788085945 108.64191055297852
30.85716247558594 108.68585586547852
30.813217163085934 108.72980117797852
30.72532653808595 108.72980117797852
30.63743591308594 108.72980117797852
30.593490600585934 108.77374649047852
30.54954528808593 108.81777763366698
30.461654663085948 108.81777763366698
30.373764038085938 108.81777763366698
30.28587341308593 108.81777763366698
30.241756439208977 108.86180877685545
30.197639465332028 108.90575408935547
30.109748840332045 108.90575408935547
30.021858215332035 108.90575408935547
29.933967590332024 108.90575408935547
29.89002227783203 108.94969940185547
29.846076965332042 108.99364471435548
29.75818634033203 108.99364471435548
29.670295715332024 108.99364471435548
29.582405090332042 108.99364471435548
29.538459777832035 109.03759002685548
29.49451446533203 109.08153533935545
29.40662384033202 109.08153533935545
29.31873321533204 109.08153533935545
29.230842590332028 109.08153533935545
29.186897277832035 109.12548065185545
29.142951965332042 109.16951179504393
29.05506134033203 109.16951179504393
28.96717071533202 109.16951179504393
28.87928009033204 109.16951179504393
28.791046142578114 109.16951179504393
28.74710083007812 109.21354293823241
28.70315551757813 109.25748825073244
28.615264892578118 109.25748825073244
28.527374267578136 109.25748825073244
28.439483642578125 109.25748825073244
28.39553833007812 109.30143356323242
28.351593017578114 109.34537887573242
28.263702392578132 109.34537887573242
28.175811767578125 109.34537887573242
28.087921142578114 109.34537887573242
28.000030517578132 109.34537887573242
27.95608520507813 109.38932418823244
27.91213989257812 109.43326950073242
27.82424926757811 109.43326950073242
27.73635864257813 109.43326950073242
27.648468017578118 109.43326950073242
27.560577392578136 109.43326950073242
27.51663208007813 109.47721481323242
27.47268676757813 109.5212459564209
27.384452819824226 109.5212459564209
27.296562194824215 109.5212459564209
27.208671569824205 109.5212459564209
27.120780944824222 109.5212459564209
27.076835632324215 109.56527709960938
27.03289031982421 109.60922241210939
26.94499969482423 109.60922241210939
26.857109069824222 109.60922241210939
26.76921844482421 109.60922241210939
26.68132781982423 109.60922241210939
26.637382507324222 109.65316772460938
26.59343719482422 109.69711303710938
26.505546569824208 109.69711303710938
26.417655944824226 109.69711303710938
26.329765319824215 109.69711303710938
26.241874694824205 109.69711303710938
26.19792938232421 109.74105834960938
26.153984069824222 109.78500366210938
26.066093444824215 109.78500366210938
25.977859497070312 109.78500366210938
25.889968872070302 109.78500366210938
25.80207824707032 109.78500366210938
25.758132934570312 109.82894897460938
25.71418762207031 109.87298011779785
25.6262969970703 109.87298011779785
25.538406372070316 109.87298011779785
25.45051574707031 109.87298011779785
25.36262512207032 109.87298011779785
25.274734497070316 109.87298011779785
25.23078918457031 109.91701126098633
25.186843872070305 109.96095657348631
25.09895324707032 109.96095657348631
25.011062622070312 109.96095657348631
24.923171997070302 109.96095657348631
24.835281372070316 109.96095657348631
24.791336059570312 110.00490188598631
24.747390747070312 110.04884719848633
24.659500122070302 110.04884719848633
24.5712661743164 110.04884719848633
24.483375549316413 110.04884719848633
24.395484924316403 110.04884719848633
24.307594299316392 110.04884719848633
24.263648986816403 110.09279251098633
24.21970367431641 110.13673782348633
24.131813049316406 110.13673782348633
24.043922424316417 110.13673782348633
23.95603179931641 110.13673782348633
23.8681411743164 110.13673782348633
23.780250549316417 110.13673782348633
23.736305236816413 110.18068313598634
23.692359924316406 110.22471427917482
23.604469299316396 110.22471427917482
23.516578674316413 110.22471427917482
23.428688049316403 110.22471427917482
23.340797424316396 110.22471427917482
23.25290679931641 110.22471427917482
23.20878982543946 110.2687454223633
23.16467285156251 110.31269073486327
23.0767822265625 110.31269073486327
22.98889160156249 110.31269073486327
22.901000976562507 110.31269073486327
22.813110351562496 110.31269073486327
22.72521972656249 110.31269073486327
22.6812744140625 110.35663604736327
22.637329101562504 110.4005813598633
22.549438476562496 110.4005813598633
22.461547851562514 110.4005813598633
22.373657226562504 110.4005813598633
22.285766601562493 110.4005813598633
22.19787597656251 110.4005813598633
22.153930664062504 110.44452667236328
22.1099853515625 110.48847198486328
22.022094726562493 110.48847198486328
21.934204101562507 110.48847198486328
21.8463134765625 110.48847198486328
21.758079528808597 110.48847198486328
21.670188903808587 110.48847198486328
21.626243591308594 110.5324172973633
21.582298278808604 110.57644844055176
21.494407653808594 110.57644844055176
21.406517028808587 110.57644844055176
21.318626403808597 110.57644844055176
21.230735778808594 110.57644844055176
21.142845153808583 110.57644844055176
21.0549545288086 110.57644844055176
21.011009216308594 110.62047958374023
20.96706390380859 110.66442489624023
20.879173278808604 110.66442489624023
20.791282653808594 110.66442489624023
20.703392028808587 110.66442489624023
20.6155014038086 110.66442489624023
20.52761077880859 110.66442489624023
20.48366546630859 110.70837020874023
20.439720153808587 110.75231552124025
20.351486206054684 110.75231552124025
20.263595581054698 110.75231552124025
20.175704956054688 110.75231552124025
20.08781433105468 110.75231552124025
19.999923706054695 110.75231552124025
19.912033081054688 110.75231552124025
19.86808776855468 110.79626083374023
19.82414245605468 110.84020614624023
19.736251831054695 110.84020614624023
19.648361206054684 110.84020614624023
19.560470581054673 110.84020614624023
19.47257995605469 110.84020614624023
19.38468933105468 110.84020614624023
19.34074401855469 110.88415145874023
19.296798706054698 110.92818260192871
19.20890808105469 110.92818260192871
19.12101745605468 110.92818260192871
19.033126831054695 110.92818260192871
18.944892883300767 110.92818260192871
18.857002258300785 110.92818260192871
18.769111633300774 110.92818260192871
18.72516632080078 110.97221374511719
18.681221008300792 111.01615905761719
18.593330383300785 111.01615905761719
18.505439758300774 111.01615905761719
18.41754913330079 111.01615905761719
18.32965850830078 111.01615905761719
18.24176788330077 111.01615905761719
18.197822570800778 111.06010437011719
18.15387725830079 111.10404968261719
18.065986633300778 111.10404968261719
17.97809600830077 111.10404968261719
17.890205383300785 111.10404968261719
17.802314758300774 111.10404968261719
17.714424133300792 111.10404968261719
17.62653350830078 111.10404968261719
17.58241653442383 111.14799499511719
17.538299560546882 111.19194030761719
17.45040893554687 111.19194030761719
17.362518310546886 111.19194030761719
17.27462768554688 111.19194030761719
17.186737060546868 111.19194030761719
17.098846435546886 111.19194030761719
17.010955810546875 111.19194030761719
16.96701049804687 111.23588562011719
16.923065185546868 111.27991676330566
16.835174560546882 111.27991676330566
16.747283935546875 111.27991676330566
16.659393310546864 111.27991676330566
16.57150268554688 111.27991676330566
16.48361206054687 111.27991676330566
16.43966674804688 111.32394790649415
16.395721435546886 111.36789321899415
16.30783081054688 111.36789321899415
16.21994018554687 111.36789321899415
16.131706237792965 111.36789321899415
16.043815612792958 111.36789321899415
15.955924987792972 111.36789321899415
15.868034362792965 111.36789321899415
15.824089050292974 111.41183853149415
15.78014373779298 111.45578384399413
15.69225311279297 111.45578384399413
15.604362487792963 111.45578384399413
15.516471862792978 111.45578384399413
15.42858123779297 111.45578384399413
15.34069061279296 111.45578384399413
15.296745300292967 111.49972915649413
15.252799987792976 111.54367446899415
15.164909362792965 111.54367446899415
15.077018737792958 111.54367446899415
14.989128112792974 111.54367446899415
14.901237487792963 111.54367446899415
14.813346862792981 111.54367446899415
14.725112915039052 111.54367446899415
14.68116760253906 111.58761978149414
14.63722229003907 111.63165092468262
14.549331665039059 111.63165092468262
14.46144104003905 111.63165092468262
14.373550415039068 111.63165092468262
14.285659790039057 111.63165092468262
14.197769165039073 111.63165092468262
14.15382385253907 111.6756820678711
14.109878540039066 111.7196273803711
14.021987915039055 111.7196273803711
13.934097290039071 111.7196273803711
13.846206665039062 111.7196273803711
13.758316040039054 111.7196273803711
13.670425415039068 111.7196273803711
13.626480102539066 111.76357269287111
13.58253479003906 111.8075180053711
13.494644165039052 111.8075180053711
13.406753540039066 111.8075180053711
13.318519592285165 111.8075180053711
13.230628967285154 111.8075180053711
13.142738342285147 111.8075180053711
13.054847717285162 111.8075180053711
13.010902404785158 111.8514633178711
12.966957092285153 111.8954086303711
12.879066467285146 111.8954086303711
12.79117584228516 111.8954086303711
12.703285217285151 111.8954086303711
12.615394592285169 111.8954086303711
12.527503967285158 111.8954086303711
12.483558654785153 111.9393539428711
12.439613342285147 111.98338508605957
12.351722717285165 111.98338508605957
12.263832092285156 111.98338508605957
12.175941467285146 111.98338508605957
12.088050842285163 111.98338508605957
12.000160217285154 111.98338508605957
11.956043243408203 112.02741622924805
11.911926269531252 112.07136154174805
11.824035644531241 112.07136154174805
11.736145019531257 112.07136154174805
11.64825439453125 112.07136154174805
11.56036376953124 112.07136154174805
11.472473144531255 112.07136154174805
11.42852783203125 112.11530685424805
11.384582519531248 112.15925216674805
11.296691894531238 112.15925216674805
11.208801269531254 112.15925216674805
11.120910644531245 112.15925216674805
11.03302001953126 112.15925216674805
10.989074707031255 112.20319747924805
10.94512939453125 112.24714279174805
10.857238769531243 112.24714279174805
10.769348144531259 112.24714279174805
10.681457519531248 112.24714279174805
10.593566894531241 112.24714279174805
10.505332946777337 112.24714279174805
10.461387634277346 112.29108810424805
10.417442321777354 112.33511924743651
10.329551696777344 112.33511924743651
10.241661071777335 112.33511924743651
10.153770446777353 112.33511924743651
10.065879821777342 112.33511924743651
9.977989196777333 112.33511924743651
9.93404388427734 112.37915039062499
9.890098571777349 112.423095703125
9.80220794677734 112.423095703125
9.714317321777356 112.423095703125
9.626426696777346 112.423095703125
9.538536071777338 112.423095703125
9.494590759277346 112.467041015625
9.450645446777354 112.51098632812501
9.362754821777346 112.51098632812501
9.274864196777335 112.51098632812501
9.18697357177735 112.51098632812501
9.09873962402345 112.51098632812501
9.054794311523445 112.55493164062501
9.01084899902344 112.59887695312499
8.922958374023432 112.59887695312499
8.835067749023446 112.59887695312499
8.747177124023438 112.59887695312499
8.659286499023429 112.59887695312499
8.571395874023445 112.59887695312499
8.527450561523441 112.64282226562499
8.483505249023436 112.68685340881346
8.395614624023425 112.68685340881346
8.307723999023443 112.68685340881346
8.219833374023434 112.68685340881346
8.131942749023448 112.68685340881346
8.087997436523445 112.73088455200194
8.044052124023441 112.77482986450197
7.95616149902343 112.77482986450197
7.868270874023447 112.77482986450197
7.780380249023438 112.77482986450197
7.692146301269536 112.77482986450197
7.64820098876953 112.81877517700195
7.604255676269527 112.86272048950195
7.516365051269542 112.86272048950195
7.428474426269534 112.86272048950195
7.340583801269523 112.86272048950195
7.25269317626954 112.86272048950195
7.208747863769535 112.90666580200195
7.164802551269531 112.95061111450195
7.076911926269522 112.95061111450195
6.989021301269538 112.95061111450195
6.901130676269529 112.95061111450195
6.813240051269521 112.95061111450195
6.769294738769528 112.99455642700195
6.725349426269536 113.03858757019043
6.637458801269527 113.03858757019043
6.549568176269544 113.03858757019043
6.461677551269533 113.03858757019043
6.373786926269525 113.03858757019043
6.329669952392573 113.0826187133789
6.2855529785156214 113.12656402587892
6.1976623535156135 113.12656402587892
6.109771728515629 113.12656402587892
6.02188110351562 113.12656402587892
5.9339904785156365 113.12656402587892
5.846099853515626 113.12656402587892
5.802154541015622 113.1705093383789
5.758209228515618 113.2144546508789
5.670318603515634 113.2144546508789
5.582427978515624 113.2144546508789
5.494537353515615 113.2144546508789
5.406646728515631 113.2144546508789
5.362701416015627 113.2583999633789
5.318756103515622 113.3023452758789
5.230865478515613 113.3023452758789
5.142974853515629 113.3023452758789
5.05508422851562 113.3023452758789
4.9671936035156365 113.3023452758789
4.923076629638673 113.3462905883789
4.878959655761708 113.39032173156738
4.791069030761725 113.39032173156738
4.703178405761715 113.39032173156738
4.615287780761706 113.39032173156738
4.527397155761722 113.39032173156738
4.439506530761713 113.39032173156738
4.395561218261721 113.43435287475586
4.351615905761729 113.47829818725586
4.2637252807617205 113.47829818725586
4.175834655761711 113.47829818725586
4.087944030761727 113.47829818725586
4.000053405761718 113.47829818725586
3.9121627807617085 113.47829818725586
3.868217468261717 113.52224349975586
3.824272155761725 113.56618881225585
3.7363815307617156 113.56618881225585
3.6484909057617063 113.56618881225585
3.5606002807617223 113.56618881225585
3.4723663330078205 113.56618881225585
3.384475708007811 113.56618881225585
3.296585083007802 113.56618881225585
3.2526397705078103 113.61013412475586
3.208694458007818 113.65407943725587
3.120803833007809 113.65407943725587
3.032913208007825 113.65407943725587
2.9450225830078156 113.65407943725587
2.8571319580078063 113.65407943725587
2.7692413330078227 113.65407943725587
2.6813507080078134 113.65407943725587
2.593460083007804 113.65407943725587
2.5055694580078205 113.65407943725587
2.4616241455078156 113.69802474975585
2.417678833007811 113.74205589294432
2.329788208007802 113.74205589294432
2.2418975830078183 113.74205589294432
2.154006958007809 113.74205589294432
2.0657730102539067 113.74205589294432
1.9778823852538974 113.74205589294432
1.8899917602539136 113.74205589294432
1.8021011352539043 113.74205589294432
1.7142105102538951 113.74205589294432
1.6263198852539114 113.74205589294432
1.538429260253902 113.74205589294432
1.4505386352539182 113.74205589294432
1.362648010253909 113.74205589294432
1.2747573852538998 113.74205589294432
1.186866760253916 113.74205589294432
1.0989761352539067 113.74205589294432
1.0110855102538976 113.74205589294432
0.9231948852539137 113.74205589294432
0.8353042602539045 113.74205589294432
0.7474136352538953 113.74205589294432
0.659179687499993 113.74205589294432
0.5712890625000092 113.74205589294432
0.48339843749999994 113.74205589294432
0.39550781249999073 113.74205589294432
0.3076171875000069 113.74205589294432
0.21972656249999767 113.74205589294432
0.13183593749998843 113.74205589294432
0.04394531250000462 113.74205589294432
-0.04394531250000462 113.74205589294432
-0.13183593749998843 113.74205589294432
-0.21972656249999767 113.74205589294432
-0.3076171875000069 113.74205589294432
-0.39550781249999073 113.74205589294432
-0.48339843749999994 113.74205589294432
-0.5712890625000092 113.74205589294432
-0.659179687499993 113.74205589294432
-0.7474136352538953 113.74205589294432
-0.8353042602539045 113.74205589294432
-0.9231948852539137 113.74205589294432
-1.0110855102538976 113.74205589294432
-1.0989761352539067 113.74205589294432
-1.186866760253916 113.74205589294432
-1.2747573852538998 113.74205589294432
-1.362648010253909 113.74205589294432
-1.4065933227539136 113.78608703613283
-1.4505386352539182 113.8300323486328
-1.538429260253902 113.8300323486328
-1.6263198852539114 113.8300323486328
-1.7142105102538951 113.8300323486328
-1.8021011352539043 113.8300323486328
-1.8899917602539136 113.8300323486328
-1.9778823852538974 113.8300323486328
-2.0657730102539067 113.8300323486328
-2.154006958007809 113.8300323486328
-2.2418975830078183 113.8300323486328
-2.329788208007802 113.8300323486328
-2.417678833007811 113.8300323486328
-2.5055694580078205 113.8300323486328
-2.593460083007804 113.8300323486328
-2.637405395507809 113.8739776611328
-2.6813507080078134 113.91792297363281
-2.7692413330078227 113.91792297363281
-2.8571319580078063 113.91792297363281
-2.9450225830078156 113.91792297363281
-3.032913208007825 113.91792297363281
-3.120803833007809 113.91792297363281
-3.208694458007818 113.91792297363281
-3.296585083007802 113.91792297363281
-3.384475708007811 113.91792297363281
-3.4723663330078205 113.91792297363281
-3.5164833068847714 113.96186828613283
-3.5606002807617223 114.00581359863283
-3.6484909057617063 114.00581359863283
-3.7363815307617156 114.00581359863283
-3.824272155761725 114.00581359863283
-3.9121627807617085 114.00581359863283
-4.000053405761718 114.00581359863283
-4.087944030761727 114.00581359863283
-4.175834655761711 114.00581359863283
-4.219779968261715 114.04975891113281
-4.2637252807617205 114.09379005432129
-4.351615905761729 114.09379005432129
-4.439506530761713 114.09379005432129
-4.527397155761722 114.09379005432129
-4.615287780761706 114.09379005432129
-4.703178405761715 114.09379005432129
-4.791069030761725 114.09379005432129
-4.878959655761708 114.09379005432129
-4.923076629638673 114.13782119750977
-4.9671936035156365 114.18176651000977
-5.05508422851562 114.18176651000977
-5.142974853515629 114.18176651000977
-5.230865478515613 114.18176651000977
-5.318756103515622 114.18176651000977
-5.406646728515631 114.18176651000977
-5.450592041015623 114.22571182250977
-5.494537353515615 114.26965713500977
-5.582427978515624 114.26965713500977
-5.670318603515634 114.26965713500977
-5.758209228515618 114.26965713500977
-5.846099853515626 114.26965713500977
-5.9339904785156365 114.26965713500977
-5.9779357910156286 114.31360244750977
-6.02188110351562 114.35754776000975
-6.109771728515629 114.35754776000975
-6.1976623535156135 114.35754776000975
-6.2855529785156214 114.35754776000975
-6.373786926269525 114.35754776000975
-6.417732238769529 114.40149307250977
-6.461677551269533 114.44552421569824
-6.549568176269544 114.44552421569824
-6.637458801269527 114.44552421569824
-6.725349426269536 114.44552421569824
-6.813240051269521 114.44552421569824
-6.857185363769524 114.48955535888672
-6.901130676269529 114.53350067138672
-6.989021301269538 114.53350067138672
-7.076911926269522 114.53350067138672
-7.164802551269531 114.53350067138672
-7.25269317626954 114.53350067138672
-7.296638488769532 114.5774459838867
-7.340583801269523 114.6213912963867
-7.428474426269534 114.6213912963867
-7.516365051269542 114.6213912963867
-7.604255676269527 114.6213912963867
-7.64820098876953 114.6653366088867
-7.692146301269536 114.7092819213867
-7.780380249023438 114.7092819213867
-7.868270874023447 114.7092819213867
-7.95616149902343 114.7092819213867
-8.044052124023441 114.7092819213867
-8.087997436523445 114.75322723388672
-8.131942749023448 114.7972583770752
-8.219833374023434 114.7972583770752
-8.307723999023443 114.7972583770752
-8.395614624023425 114.7972583770752
-8.43955993652343 114.84128952026369
-8.483505249023436 114.88523483276369
-8.571395874023445 114.88523483276369
-8.659286499023429 114.88523483276369
-8.703231811523432 114.92918014526369
-8.747177124023438 114.97312545776369
-8.835067749023446 114.97312545776369
-8.922958374023432 114.97312545776369
-9.01084899902344 114.97312545776369
-9.054794311523445 115.01707077026366
-9.09873962402345 115.06101608276366
-9.18697357177735 115.06101608276366
-9.274864196777335 115.06101608276366
-9.362754821777346 115.06101608276366
-9.406700134277349 115.10496139526369
-9.450645446777354 115.14899253845216
-9.538536071777338 115.14899253845216
-9.626426696777346 115.14899253845216
-9.67037200927735 115.19302368164064
-9.714317321777356 115.2369689941406
-9.80220794677734 115.2369689941406
-9.890098571777349 115.2369689941406
-9.977989196777333 115.2369689941406
-10.021934509277338 115.28091430664062
-10.065879821777342 115.32485961914062
-10.153770446777353 115.32485961914062
-10.241661071777335 115.32485961914062
-10.28560638427734 115.36880493164062
-10.329551696777344 115.41275024414062
-10.417442321777354 115.41275024414062
-10.505332946777337 115.41275024414062
-10.549449920654288 115.45669555664064
-10.593566894531241 115.50072669982912
-10.681457519531248 115.50072669982912
-10.769348144531259 115.50072669982912
-10.81329345703125 115.54475784301759
-10.857238769531243 115.58870315551759
-10.94512939453125 115.58870315551759
-11.03302001953126 115.58870315551759
-11.076965332031252 115.63264846801758
-11.120910644531245 115.67659378051758
-11.208801269531254 115.67659378051758
-11.296691894531238 115.67659378051758
-11.340637207031243 115.72053909301758
-11.384582519531248 115.76448440551756
-11.472473144531255 115.76448440551756
-11.56036376953124 115.76448440551756
-11.604309082031245 115.80842971801756
-11.64825439453125 115.85246086120604
-11.736145019531257 115.85246086120604
-11.824035644531241 115.85246086120604
-11.867980957031246 115.89649200439452
-11.911926269531252 115.94043731689452
-12.000160217285154 115.94043731689452
-12.088050842285163 115.94043731689452
-12.131996154785154 115.98438262939455
-12.175941467285146 116.02832794189455
-12.263832092285156 116.02832794189455
-12.351722717285165 116.02832794189455
-12.395668029785156 116.07227325439455
-12.439613342285147 116.11621856689455
-12.527503967285158 116.11621856689455
-12.615394592285169 116.11621856689455
-12.65933990478516 116.16016387939452
-12.703285217285151 116.204195022583
-12.79117584228516 116.204195022583
-12.835121154785151 116.24822616577148
-12.879066467285146 116.29217147827148
-12.966957092285153 116.29217147827148
-13.054847717285162 116.29217147827148
-13.098793029785154 116.3361167907715
-13.142738342285147 116.38006210327146
-13.230628967285154 116.38006210327146
-13.27457427978516 116.42400741577148
-13.318519592285165 116.46795272827148
-13.406753540039066 116.46795272827148
-13.494644165039052 116.46795272827148
-13.538589477539055 116.51189804077148
-13.58253479003906 116.55592918395996
-13.670425415039068 116.55592918395996
-13.758316040039054 116.55592918395996
-13.802261352539057 116.59996032714844
-13.846206665039062 116.64390563964844
-13.934097290039071 116.64390563964844
-13.978042602539064 116.68785095214845
-14.021987915039055 116.73179626464845
-14.109878540039066 116.73179626464845
-14.197769165039073 116.73179626464845
-14.241714477539066 116.77574157714844
-14.285659790039057 116.81968688964844
-14.373550415039068 116.81968688964844
-14.417495727539059 116.86363220214844
-14.46144104003905 116.90766334533691
-14.549331665039059 116.90766334533691
-14.593276977539064 116.95169448852539
-14.63722229003907 116.99563980102538
-14.725112915039052 116.99563980102538
-14.813346862792981 116.99563980102538
-14.857292175292972 117.03958511352538
-14.901237487792963 117.08353042602538
-14.989128112792974 117.08353042602538
-15.033073425292965 117.12747573852539
-15.077018737792958 117.1714210510254
-15.164909362792965 117.1714210510254
-15.20885467529297 117.2153663635254
-15.252799987792976 117.25939750671388
-15.34069061279296 117.25939750671388
-15.42858123779297 117.25939750671388
-15.472526550292974 117.30342864990236
-15.516471862792978 117.34737396240236
-15.604362487792963 117.34737396240236
-15.648307800292967 117.39131927490233
-15.69225311279297 117.43526458740234
-15.78014373779298 117.43526458740234
-15.824089050292974 117.47920989990236
-15.868034362792965 117.52315521240232
-15.955924987792972 117.52315521240232
-16.043815612792958 117.52315521240232
-16.08776092529296 117.56710052490234
-16.131706237792965 117.61113166809082
-16.21994018554687 117.61113166809082
-16.26388549804687 117.6551628112793
-16.30783081054688 117.6991081237793
-16.395721435546886 117.6991081237793
-16.43966674804688 117.7430534362793
-16.48361206054687 117.7869987487793
-16.57150268554688 117.7869987487793
-16.61544799804687 117.83094406127931
-16.659393310546864 117.87488937377931
-16.747283935546875 117.87488937377931
-16.79122924804688 117.9188346862793
-16.835174560546882 117.96286582946777
-16.923065185546868 117.96286582946777
-17.010955810546875 117.96286582946777
-17.054901123046882 118.00689697265625
-17.098846435546886 118.05084228515625
-17.186737060546868 118.05084228515625
-17.230682373046875 118.09478759765625
-17.27462768554688 118.13873291015624
-17.362518310546886 118.13873291015624
-17.40646362304688 118.18267822265624
-17.45040893554687 118.22662353515624
-17.538299560546882 118.22662353515624
-17.58241653442383 118.27056884765625
-17.62653350830078 118.31459999084473
-17.714424133300792 118.31459999084473
-17.758369445800785 118.35863113403322
-17.802314758300774 118.40257644653322
-17.890205383300785 118.40257644653322
-17.934150695800778 118.44652175903322
-17.97809600830077 118.49046707153322
-18.065986633300778 118.49046707153322
-18.15387725830079 118.49046707153322
-18.197822570800778 118.53441238403319
-18.24176788330077 118.5783576965332
-18.32965850830078 118.5783576965332
-18.373603820800785 118.6223030090332
-18.41754913330079 118.6663341522217
-18.505439758300774 118.6663341522217
-18.549385070800778 118.71036529541017
-18.593330383300785 118.75431060791013
-18.681221008300792 118.75431060791013
-18.72516632080078 118.79825592041016
-18.769111633300774 118.84220123291016
-18.857002258300785 118.84220123291016
-18.900947570800778 118.88614654541016
-18.944892883300767 118.93009185791016
-19.033126831054695 118.93009185791016
-19.12101745605468 118.93009185791016
-19.20890808105469 118.93009185791016
-19.296798706054698 118.93009185791016
-19.34074401855469 118.88614654541016
