0.0 2.0
0.01 2.0
0.02 2.0
0.03 2.0
0.04 2.0
0.05 1.5
0.06 1.5
0.07 1.5
0.08 1.5
0.09 1.5
0.1 1.5
0.11 1.5
0.12 1.5
0.13 1.5
0.14 1.5
0.15 1.5
0.16 1.0
0.17 1.0
0.18 1.0
0.19 1.0
0.2 1.0
0.21 1.0
0.22 1.0
0.23 1.0
0.24 1.0
0.25 1.0
0.26 1.0
0.27 1.0
0.28 1.0
0.29 1.0
0.3 1.0
0.31 1.0
0.32 1.0
0.33 1.0
0.34 1.0
0.35000000000000003 1.0
0.36 1.0
0.37 1.0
0.38 1.0
0.39 1.0
0.4 1.0
0.41000000000000003 1.0
0.42 1.0
0.43 1.0
0.44 1.0
0.45 1.0
0.46 1.0
0.47000000000000003 1.0
0.48 1.0
0.49 1.0
0.5 1.0
0.51 1.0
0.52 1.0
0.53 1.0
0.54 1.0
0.55 1.0
0.56 1.0
0.5700000000000001 1.5
0.58 1.5
0.59 1.5
0.6 1.5
0.61 1.5
0.62 1.5
0.63 1.5
0.64 1.5
0.65 1.5
0.66 1.5
0.67 2.0
0.68 2.0
0.6900000000000001 2.0
0.7000000000000001 2.0
0.71 2.0
0.72 2.0
0.73 2.0
0.74 2.0
0.75 2.5
0.76 2.5
0.77 2.5
0.78 2.5
0.79 2.5
0.8 2.5
0.81 2.5
0.8200000000000001 2.5
0.8300000000000001 3.0
0.84 3.0
0.85 3.0
0.86 3.0
0.87 3.0
0.88 3.0
0.89 3.0
0.9 3.0
0.91 3.0
0.92 3.5
0.93 3.5
0.9400000000000001 3.5
0.9500000000000001 3.5
0.96 3.5
0.97 3.5
0.98 3.5
0.99 3.5
1.0 3.5
1.01 3.5
1.02 4.0
1.03 4.0
1.04 4.0
1.05 4.0
1.06 4.0
1.07 4.0
1.08 4.0
1.09 4.0
1.1 4.0
1.11 4.0
1.12 4.0
1.1300000000000001 4.0
1.1400000000000001 4.0
1.1500000000000001 4.0
1.16 4.0
1.17 4.0
1.18 4.0
1.19 4.0
1.2 4.0
1.21 4.0
1.22 4.0
1.23 4.0
1.24 4.0
1.25 4.0
1.26 4.0
1.27 4.0
1.28 4.0
1.29 4.0
1.3 4.0
1.31 4.0
1.32 4.0
1.33 4.0
1.34 4.0
1.35 4.0
1.36 4.0
1.37 4.0
1.3800000000000001 4.0
1.3900000000000001 4.0
1.4000000000000001 4.0
1.41 4.0
1.42 4.0
1.43 4.0
1.44 4.0
1.45 4.0
1.46 4.0
1.47 4.0
1.48 3.5
1.49 3.5
1.5 3.5
1.51 3.5
1.52 3.5
1.53 3.5
1.54 3.5
1.55 3.5
1.56 3.5
1.57 3.5
1.58 3.5
1.59 3.5
1.6 3.0
1.61 3.0
1.62 3.0
1.6300000000000001 3.0
1.6400000000000001 3.0
1.6500000000000001 3.0
1.6600000000000001 3.0
1.67 3.0
1.68 3.0
1.69 3.0
1.7 3.0
1.71 3.0
1.72 3.0
1.73 3.0
1.74 2.5
1.75 2.5
1.76 2.5
1.77 2.5
1.78 2.5
1.79 2.5
1.8 2.5
1.81 2.5
1.82 2.5
1.83 2.5
1.84 2.5
1.85 2.5
1.86 2.5
1.87 2.5
1.8800000000000001 2.5
1.8900000000000001 2.5
1.9000000000000001 2.5
1.9100000000000001 2.5
1.92 2.5
1.93 2.5
1.94 2.5
1.95 2.5
1.96 2.5
1.97 2.5
1.98 2.5
1.99 2.5
2.0 2.5
2.0100000000000002 2.5
2.02 2.5
2.0300000000000002 2.5
2.04 2.5
2.05 2.5
2.06 2.5
2.07 2.5
2.08 2.5
2.09 2.5
2.1 2.5
2.11 2.5
2.12 3.0
2.13 3.0
2.14 3.0
2.15 3.0
2.16 3.0
2.17 3.0
2.18 3.0
2.19 3.0
2.2 3.0
2.21 3.0
2.22 3.0
2.23 3.5
2.24 3.5
2.25 3.5
2.2600000000000002 3.5
2.27 3.5
2.2800000000000002 3.5
2.29 3.5
2.3000000000000003 3.5
2.31 3.5
2.32 3.5
2.33 4.0
2.34 4.0
2.35 4.0
2.36 4.0
2.37 4.0
2.38 4.0
2.39 4.0
2.4 4.0
2.41 4.0
2.42 4.5
2.43 4.5
2.44 4.5
2.45 4.5
2.46 4.5
2.47 4.5
2.48 4.5
2.49 4.5
2.5 4.5
2.5100000000000002 4.5
2.52 4.5
2.5300000000000002 5.0
2.54 5.0
2.5500000000000003 5.0
2.56 5.0
2.57 5.0
2.58 5.0
2.59 5.0
2.6 5.0
2.61 5.0
2.62 5.0
2.63 5.0
2.64 5.0
2.65 5.0
2.66 5.0
2.67 5.0
2.68 5.0
2.69 5.0
2.7 5.0
2.71 5.0
2.72 5.0
2.73 5.0
2.74 5.0
2.75 5.0
2.7600000000000002 5.0
2.77 5.0
2.7800000000000002 5.0
2.79 5.0
2.8000000000000003 5.0
2.81 5.0
2.82 5.0
2.83 5.0
2.84 5.0
2.85 5.0
2.86 5.0
2.87 5.0
2.88 5.0
2.89 5.0
2.9 5.0
2.91 5.0
2.92 5.0
2.93 4.5
2.94 4.5
2.95 4.5
2.96 4.5
2.97 4.5
2.98 4.5
2.99 4.5
3.0 4.5
3.0100000000000002 4.5
3.02 4.5
3.0300000000000002 4.0
3.04 4.0
3.0500000000000003 4.0
3.06 4.0
3.0700000000000003 4.0
3.08 4.0
3.09 4.0
3.1 4.0
3.11 3.5
3.12 3.5
3.13 3.5
3.14 3.5
3.15 3.5
3.16 3.5
3.17 3.5
3.18 3.5
3.19 3.0
3.2 3.0
3.21 3.0
3.22 3.0
3.23 3.0
3.24 3.0
3.25 3.0
3.2600000000000002 3.0
3.27 2.5
3.2800000000000002 2.5
3.29 2.5
3.3000000000000003 2.5
3.31 2.5
3.3200000000000003 2.5
3.33 2.5
3.34 2.5
3.35 2.0
3.36 2.0
3.37 2.0
3.38 2.0
3.39 2.0
3.4 2.0
3.41 2.0
3.42 2.0
3.43 2.0
3.44 2.0
3.45 2.0
3.46 1.5
3.47 1.5
3.48 1.5
3.49 1.5
3.5 1.5
3.5100000000000002 1.5
3.52 1.5
3.5300000000000002 1.5
3.54 1.5
3.5500000000000003 1.5
3.56 1.5
3.5700000000000003 1.5
3.58 1.5
3.59 1.5
3.6 1.5
3.61 1.5
3.62 1.5
3.63 1.5
3.64 1.5
3.65 1.5
3.66 1.5
3.67 1.5
3.68 1.5
3.69 1.5
3.7 1.5
3.71 1.5
3.72 1.5
3.73 1.5
3.74 1.5
3.75 1.5
3.7600000000000002 1.5
3.77 1.5
3.7800000000000002 1.5
3.79 1.5
3.8000000000000003 1.5
3.81 1.5
3.8200000000000003 1.5
3.83 1.5
3.84 1.5
3.85 1.5
3.86 1.5
3.87 1.5
3.88 1.5
3.89 1.5
3.9 1.5
3.91 1.5
3.92 1.5
3.93 1.5
3.94 1.5
3.95 1.5
3.96 1.5
3.97 1.5
3.98 1.5
3.99 1.5
4.0 1.5
